9.989876998588442802e-04
9.989576647058129311e-04
9.989263489842414856e-04
9.988925885409116745e-04
9.988539386540651321e-04
9.988081874325871468e-04
9.987514931708574295e-04
9.986771037802100182e-04
9.985716314986348152e-04
9.984039934352040291e-04
9.980798931792378426e-04
9.969858219847083092e-04
9.753141202963888645e-04
9.604626684449613094e-04
9.588047396391630173e-04
9.573388961143791676e-04
9.565561776980757713e-04
9.545459179207682610e-04
9.514825069345533848e-04
9.438645211048424244e-04
9.326584404334425926e-04
9.253902244381606579e-04
9.143418283201754093e-04
9.096593712456524372e-04
9.049553191289305687e-04
8.999150013551115990e-04
8.942143758758902550e-04
8.862187387421727180e-04
8.775652386248111725e-04
8.677582372911274433e-04
8.614402031525969505e-04
8.572448859922587872e-04
8.503535646013915539e-04
8.479493553750216961e-04
8.395585464313626289e-04
8.378491038456559181e-04
8.336668834090232849e-04
8.314120350405573845e-04
8.262078044936060905e-04
8.270810358226299286e-04
8.201609016396105289e-04
8.198587456718087196e-04
8.140934514813125134e-04
8.141030557453632355e-04
8.108701440505683422e-04
8.081918931566178799e-04
8.020892273634672165e-04
8.004882256500422955e-04
8.020966197364032269e-04
7.932267035357654095e-04
7.950057624839246273e-04
7.896954193711280823e-04
7.895654998719692230e-04
7.832489791326224804e-04
7.827444933354854584e-04
7.804697379469871521e-04
7.749721989966928959e-04
7.728047785349190235e-04
7.689408957958221436e-04
7.701836875639855862e-04
7.616093498654663563e-04
7.616456132382154465e-04
7.603776175528764725e-04
7.576899952255189419e-04
7.503104861825704575e-04
7.479372434318065643e-04
7.459861226379871368e-04
7.441744673997163773e-04
7.423024508170783520e-04
7.379597518593072891e-04
7.265225285664200783e-04
7.356811547651886940e-04
7.277094409801065922e-04
7.233297801576554775e-04
7.230436895042657852e-04
7.170491153374314308e-04
7.138031069189310074e-04
7.090342696756124496e-04
7.121950620785355568e-04
7.016215822659432888e-04
7.041937205940485001e-04
6.982226041145622730e-04
6.967343506403267384e-04
6.973384879529476166e-04
6.894701509736478329e-04
6.853893282823264599e-04
6.826411699876189232e-04
6.830818019807338715e-04
6.744717247784137726e-04
6.747164297848939896e-04
6.725183338858187199e-04
6.677128258161246777e-04
6.678854697383940220e-04
6.595883169211447239e-04
6.605210946872830391e-04
6.543232011608779430e-04
6.525463541038334370e-04
6.431597867049276829e-04
6.443102029152214527e-04
6.437127594836056232e-04
6.384149892255663872e-04
6.336272927001118660e-04
6.370915798470377922e-04
6.240002694539725780e-04
6.299379747360944748e-04
6.234561442397534847e-04
6.191274733282625675e-04
6.121709011495113373e-04
6.082913023419678211e-04
6.064982153475284576e-04
6.045329500921070576e-04
5.990242352709174156e-04
5.978564149700105190e-04
5.958190304227173328e-04
5.875253700651228428e-04
5.851358291693031788e-04
5.851311725564301014e-04
5.738657200708985329e-04
5.697219748981297016e-04
5.764148081652820110e-04
5.607026396319270134e-04
5.633145920000970364e-04
5.573145463131368160e-04
5.451606120914220810e-04
5.495378863997757435e-04
5.435870843939483166e-04
5.379937938414514065e-04
5.353149026632308960e-04
5.299534532241523266e-04
5.360369686968624592e-04
5.187690258026123047e-04
5.214595003053545952e-04
5.078152171336114407e-04
5.122306174598634243e-04
5.026064463891088963e-04
5.040257237851619720e-04
4.888225230388343334e-04
4.913777811452746391e-04
4.854266007896512747e-04
4.834014980588108301e-04
4.797240835614502430e-04
4.713236412499099970e-04
4.664480802603065968e-04
4.655435332097113132e-04
4.582278488669544458e-04
4.567591240629553795e-04
4.463025834411382675e-04
4.438284086063504219e-04
4.380499885883182287e-04
4.372346156742423773e-04
4.253215156495571136e-04
4.234963562339544296e-04
4.215441003907471895e-04
4.198369570076465607e-04
4.098060599062591791e-04
4.033541772514581680e-04
4.014247970189899206e-04
4.001047636847943068e-04
3.933335538022220135e-04
3.879246069118380547e-04
3.803659928962588310e-04
3.755906072910875082e-04
3.786797169595956802e-04
3.726303111761808395e-04
3.637247427832335234e-04
3.584898950066417456e-04
3.545116924215108156e-04
3.511591348797082901e-04
3.487700014375150204e-04
3.451789671089500189e-04
3.318069502711296082e-04
3.365182783454656601e-04
3.356064553372561932e-04
3.279146912973374128e-04
3.095621650572866201e-04
3.255931078456342220e-04
3.108583623543381691e-04
3.130968834739178419e-04
3.016819246113300323e-04
2.966177708003669977e-04
3.042936150450259447e-04
2.851253666449338198e-04
2.914167125709354877e-04
2.825653937179595232e-04
2.811582235153764486e-04
2.803622337523847818e-04
2.808476565405726433e-04
2.654714335221797228e-04
2.627907670103013515e-04
2.745138190221041441e-04
2.523309667594730854e-04
2.596037229523062706e-04
2.514282241463661194e-04
2.448343730065971613e-04
2.368186833336949348e-04
2.467703598085790873e-04
2.413298789178952575e-04
2.384329854976385832e-04
2.325252135051414371e-04
2.241196634713560343e-04
2.292901626788079739e-04
2.366986882407218218e-04
2.075614029308781028e-04
2.340557693969458342e-04
2.051005867542698979e-04
2.178816794184967875e-04
2.032274933299049735e-04
2.074263320537284017e-04
2.001034881686791778e-04
2.130190987372770905e-04
1.980890665436163545e-04
1.854249858297407627e-04
2.098333789035677910e-04
1.793926930986344814e-04
2.105642051901668310e-04
1.749366201693192124e-04
1.982826797757297754e-04
1.716430269880220294e-04
1.983339752769097686e-04
1.674506493145599961e-04
1.917184417834505439e-04
1.641711423872038722e-04
1.925818796735256910e-04
1.625047443667426705e-04
1.590718893567100167e-04
1.831760164350271225e-04
1.564968843013048172e-04
1.543440594105049968e-04
1.830352703109383583e-04
1.509237918071448803e-04
1.501498918514698744e-04
1.745349436532706022e-04
1.472871081205084920e-04
1.448332768632099032e-04
1.761235034791752696e-04
1.427519309800118208e-04
1.409124815836548805e-04
1.415338774677366018e-04
1.600664836587384343e-04
1.383152994094416499e-04
1.352894614683464170e-04
1.359884772682562470e-04
1.541285164421424270e-04
1.331052917521446943e-04
1.306178746744990349e-04
1.310344669036567211e-04
1.286490441998466849e-04
1.269010390387848020e-04
1.523356477264314890e-04
1.260431308764964342e-04
1.228308683494105935e-04
1.218861070810817182e-04
1.207069362862966955e-04
1.197266683448106050e-04
1.561335811857134104e-04
1.195379809360019863e-04
1.174396529677323997e-04
1.165465291705913842e-04
1.160282481578178704e-04
1.150616590166464448e-04
1.141428147093392909e-04
1.130747041315771639e-04
1.115590712288394570e-04
1.107868374674580991e-04
1.098173233913257718e-04
1.101583038689568639e-04
1.363398187095299363e-04
1.056543842423707247e-04
1.039898779708892107e-04
1.023439763230271637e-04
1.013593937386758626e-04
1.003960860543884337e-04
9.938288712874054909e-05
9.815742669161409140e-05
9.687869169283658266e-05
9.591064008418470621e-05
9.657858754508197308e-05
9.415286331204697490e-05
9.314246563008055091e-05
9.257846977561712265e-05
9.164808579953387380e-05
9.093564585782587528e-05
8.995719690574333072e-05
8.919357787817716599e-05
8.855578198563307524e-05
8.774582965997979045e-05
8.708849782124161720e-05
8.630815864307805896e-05
8.539082045899704099e-05
8.439938392257317901e-05
8.329877891810610890e-05
8.244751370511949062e-05
8.164184691850095987e-05
8.078703831415623426e-05
7.990063750185072422e-05
7.901807839516550303e-05
1.192777635878883302e-04
7.937721238704398274e-05
7.785012712702155113e-05
7.728033961029723287e-05
7.679408008698374033e-05
7.630773325217887759e-05
7.583417755085974932e-05
7.636960799572989345e-05
7.527114939875900745e-05
7.466358511010184884e-05
7.423837087117135525e-05
7.380347233265638351e-05
7.335712143685668707e-05
7.294801616808399558e-05
7.246471795951947570e-05
7.308438216568902135e-05
7.133976032491773367e-05
7.078273483784869313e-05
7.036716124275699258e-05
7.001587073318660259e-05
6.960429163882508874e-05
6.879210559418424964e-05
6.811571802245453000e-05
6.733147165505215526e-05
6.676442717434838414e-05
6.624787056352943182e-05
6.570525874849408865e-05
6.528512312797829509e-05
6.449605280067771673e-05
6.389131158357486129e-05
1.074465835699811578e-04
6.418304838007315993e-05
6.286340794758871198e-05
6.204668898135423660e-05
6.133817078080028296e-05
6.088770533096976578e-05
9.975991997634992003e-05
6.169994594529271126e-05
6.018473868607543409e-05
5.949536353000439703e-05
5.880063690710812807e-05
5.778124614153057337e-05
5.755176971433684230e-05
5.661846444127149880e-05
5.602025339612737298e-05
5.525670712813735008e-05
5.477578815771266818e-05
5.439597225631587207e-05
5.407985372585244477e-05
5.385427357396110892e-05
5.358408816391602159e-05
5.323814912117086351e-05
5.294917355058714747e-05
5.266959124128334224e-05
5.241891994955949485e-05
5.206943751545622945e-05
5.170878648641519248e-05
5.132349542691372335e-05
5.106032767798751593e-05
5.076449087937362492e-05
5.053743370808660984e-05
5.020947719458490610e-05
5.001400495530106127e-05
4.968054417986422777e-05
4.946175977238453925e-05
4.928617272526025772e-05
4.906229514745064080e-05
4.879622429143637419e-05
4.857659951085224748e-05
4.829889439861290157e-05
4.806300421478226781e-05
4.789036029251292348e-05
4.772343891090713441e-05
4.756669295602478087e-05
4.721826917375437915e-05
4.695098687079735100e-05
4.674522278946824372e-05
4.641560371965169907e-05
4.580034146783873439e-05
4.540361624094657600e-05
4.515410182648338377e-05
4.485924364416860044e-05
4.464512676349841058e-05
4.454084410099312663e-05
4.427677777130156755e-05
4.411054396769031882e-05
4.400212492328137159e-05
4.385841384646482766e-05
4.369841553852893412e-05
4.359155354904942214e-05
4.342865213402546942e-05
4.328452632762491703e-05
4.314559555496089160e-05
4.303805690142326057e-05
4.291921868571080267e-05
4.281401561456732452e-05
4.267999975127168000e-05
4.246719254297204316e-05
4.214630098431371152e-05
4.166327562415972352e-05
4.092206654604524374e-05
3.994375219917856157e-05
3.945534626836888492e-05
3.919769005733542144e-05
3.894809196935966611e-05
3.871481021633371711e-05
3.846133040497079492e-05
3.824267696472816169e-05
3.802218270720914006e-05
3.779050166485831141e-05
3.745429057744331658e-05
3.715158891282044351e-05
3.687242497107945383e-05
3.647335324785672128e-05
3.595496309571899474e-05
3.520595419104211032e-05
3.453167300904169679e-05
3.408605334698222578e-05
3.378203837200999260e-05
3.348641257616691291e-05
3.319789902889169753e-05
3.312203989480622113e-05
3.253836257499642670e-05
3.215784090571105480e-05
3.191522409906610847e-05
3.170441050315275788e-05
3.154536898364312947e-05
3.134392682113684714e-05
3.114139690296724439e-05
3.097577427979558706e-05
3.084619311266578734e-05
3.073084371862933040e-05
3.061746974708512425e-05
3.050023769901599735e-05
3.039852526853792369e-05
3.027548154932446778e-05
3.010870932484976947e-05
2.980677527375519276e-05
2.964943450933787972e-05
2.955235322588123381e-05
2.945113010355271399e-05
2.937354656751267612e-05
2.929719994426704943e-05
2.921945451817009598e-05
2.916124503826722503e-05
2.907262933149468154e-05
2.900290746765676886e-05
2.892112206609454006e-05
2.883064553316216916e-05
2.875057907658629119e-05
2.866359500330872834e-05
2.857975050574168563e-05
2.847861469490453601e-05
2.840137130988296121e-05
2.822531678248196840e-05
2.816426422214135528e-05
2.800755282805766910e-05
2.795102045638486743e-05
2.787792618619278073e-05
2.778246016532648355e-05
2.761094037850853056e-05
2.753122498688753694e-05
2.746666177699808031e-05
2.737702379818074405e-05
2.716686867643147707e-05
2.699241849768441170e-05
2.687909909582231194e-05
2.678945566003676504e-05
2.668679917405825108e-05
2.654379932209849358e-05
2.638987280079163611e-05
2.631355710036586970e-05
2.625443266879301518e-05
2.613603282952681184e-05
2.605182635306846350e-05
2.597574166429694742e-05
2.588012284832075238e-05
2.578516432549804449e-05
2.562673580541741103e-05
2.547384428908117115e-05
2.539484012231696397e-05
2.531415884732268751e-05
2.523603507142979652e-05
2.513698382244911045e-05
2.504357144061941653e-05
2.480132570781279355e-05
2.462370866851415485e-05
2.440393654978834093e-05
2.421258068352472037e-05
2.412353933323174715e-05
2.405873055977281183e-05
2.399130062258336693e-05
2.387927452218718827e-05
2.371374648646451533e-05
2.348274392716120929e-05
2.333487282157875597e-05
2.327768197574187070e-05
2.322628461115527898e-05
2.317894541192799807e-05
2.313973163836635649e-05
2.314129051228519529e-05
2.310430500074289739e-05
2.307540307810995728e-05
2.304366535099688917e-05
2.302085340488702059e-05
2.299929110449738801e-05
2.296433922310825437e-05
2.289652729814406484e-05
2.283748654008377343e-05
2.278432111779693514e-05
2.275495717185549438e-05
2.271395169373136014e-05
2.266211413370911032e-05
2.259026223327964544e-05
2.247978045488707721e-05
2.240204412373714149e-05
2.233897976111620665e-05
2.226500873803161085e-05
2.223776573373470455e-05
2.221948307123966515e-05
2.218736335635185242e-05
2.206909630331210792e-05
2.202606992796063423e-05
2.199023765570018440e-05
2.196107561758253723e-05
2.192219653807114810e-05
2.187453537771943957e-05
2.184328332077711821e-05
2.181173658755142242e-05
2.178722206735983491e-05
2.183383003284689039e-05
2.176406269427388906e-05
2.174527253373526037e-05
2.172527820221148431e-05
2.171985033783130348e-05
2.168834180338308215e-05
2.166822741855867207e-05
2.165170189982745796e-05
2.162671808036975563e-05
2.159930227207951248e-05
2.151527405658271164e-05
2.147041232092306018e-05
2.143764140782877803e-05
2.140446122211869806e-05
2.137425144610460848e-05
2.135070099029690027e-05
2.132981899194419384e-05
2.131592373189050704e-05
2.128955929947551340e-05
2.127286097675096244e-05
2.124929596902802587e-05
2.121824218193069100e-05
2.119462988048326224e-05
2.118481461366172880e-05
2.116452742484398186e-05
2.112205220328178257e-05
2.107414729834999889e-05
2.104121449519880116e-05
2.101456266245804727e-05
2.099607627314981073e-05
2.097877768392208964e-05
2.095718446071259677e-05
2.093254079227335751e-05
2.089360714307986200e-05
2.083937579300254583e-05
2.074047915812116116e-05
2.067340938083361834e-05
2.063357715087477118e-05
2.059783400909509510e-05
2.053954995062667876e-05
2.047735324595123529e-05
2.041826337517704815e-05
2.034970020758919418e-05
2.030161158472765237e-05
2.025985850195866078e-05
2.020839929173234850e-05
2.018270970438607037e-05
2.016434154938906431e-05
2.014691017393488437e-05
2.013054836424998939e-05
2.011781907640397549e-05
2.010104617511387914e-05
2.008368937822524458e-05
2.006487738981377333e-05
2.004756242968142033e-05
1.998657353396993130e-05
1.991682802326977253e-05
1.991438693949021399e-05
1.989355405385140330e-05
1.990090640902053565e-05
1.987449104490224272e-05
1.986394818231929094e-05
1.985559720196761191e-05
1.984644586627837270e-05
1.983570473385043442e-05
1.981162859010510147e-05
1.978177897399291396e-05
1.970336961676366627e-05
1.967153184523340315e-05
1.963900103874038905e-05
1.961346606549341232e-05
1.958471148100215942e-05
1.955456173163838685e-05
1.952928869286552072e-05
1.950996011146344244e-05
1.948684803210198879e-05
1.943738789123017341e-05
1.940952643053606153e-05
1.935476393555290997e-05
1.929000063682906330e-05
1.925331162055954337e-05
1.923255695146508515e-05
1.922460251080337912e-05
1.921590774145442992e-05
1.920209615491330624e-05
1.919267378980293870e-05
1.917741792567539960e-05
1.916913424793165177e-05
1.912571678985841572e-05
1.904843520605936646e-05
1.899513154057785869e-05
1.896496360132005066e-05
1.894047090900130570e-05
1.892428008432034403e-05
1.890833482320886105e-05
1.888889710244257003e-05
1.885828896774910390e-05
1.881379102997016162e-05
1.874879308161325753e-05
1.866548700490966439e-05
1.863279976532794535e-05
1.860090560512617230e-05
1.857597817433997989e-05
1.854926085798069835e-05
1.852449349826201797e-05
1.849532782216556370e-05
1.846159284468740225e-05
1.841417360992636532e-05
1.832253292377572507e-05
1.825255822041071951e-05
1.818988494051154703e-05
1.811890979297459126e-05
1.799962046789005399e-05
1.793048249965067953e-05
1.789309135347139090e-05
1.786934444680809975e-05
1.785121094144415110e-05
1.783203515515197068e-05
1.781953324098140001e-05
1.780345519364345819e-05
1.778875048330519348e-05
1.776208227965980768e-05
1.772848554537631571e-05
1.760836858011316508e-05
1.757127029122784734e-05
1.749687908159103245e-05
1.741079540806822479e-05
1.740029074426274747e-05
1.737766615406144410e-05
1.729650284687522799e-05
1.725625952531117946e-05
1.724103822198230773e-05
1.722840534057468176e-05
1.722517481539398432e-05
1.719096508168149740e-05
1.710479773464612663e-05
1.703474299574736506e-05
1.698241794656496495e-05
1.691312718321569264e-05
1.688574411673471332e-05
1.687364601821172982e-05
1.686410905676893890e-05
1.685655843175482005e-05
1.684796734480187297e-05
1.684084782027639449e-05
1.683347545622382313e-05
1.682534093561116606e-05
1.679283741395920515e-05
1.670418532739859074e-05
1.663191505940631032e-05
1.661829264776315540e-05
1.657903703744523227e-05
1.656309177633374929e-05
1.656688982620835304e-05
1.659701956668868661e-05
1.653517756494693458e-05
1.646159398660529405e-05
1.642688948777504265e-05
1.642397000978235155e-05
1.641951348574366421e-05
1.639775291550904512e-05
1.637986133573576808e-05
1.634029467822983861e-05
1.631645864108577371e-05
1.630497354199178517e-05
1.627945130167063326e-05
1.627368510526139289e-05
1.626812991162296385e-05
1.626306038815528154e-05
1.625846198294311762e-05
1.625357617740519345e-05
1.624879223527386785e-05
1.624178003112319857e-05
1.623340722289867699e-05
1.622237687115557492e-05
1.620676448510494083e-05
1.618624082766473293e-05
1.616863119124900550e-05
1.614850043551996350e-05
1.613408676348626614e-05
1.608865386515390128e-05
1.592746230016928166e-05
1.584769961482379586e-05
1.583062476129271090e-05
1.579128002049401402e-05
1.577731927682179958e-05
1.577008333697449416e-05
1.576429895067121834e-05
1.576057547936215997e-05
1.578025694470852613e-05
1.576533395564183593e-05
1.574770067236386240e-05
1.573583904246333987e-05
1.572708970343228430e-05
1.571375105413608253e-05
1.568875268276315182e-05
1.564432022860273719e-05
1.559196243761107326e-05
1.551569039293099195e-05
1.544963197375182062e-05
1.542093741591088474e-05
1.538286778668407351e-05
1.530744884803425521e-05
1.529406290501356125e-05
1.527519816590938717e-05
1.526441883470397443e-05
1.525235165900085121e-05
1.524058643553871661e-05
1.522363163530826569e-05
1.520068417448783293e-05
1.517371129011735320e-05
1.513374991191085428e-05
1.509725098003400490e-05
1.507887736806878820e-05
1.504944975749822333e-05
1.501959013694431633e-05
1.499590234743664041e-05
1.500158123235451058e-05
1.498507936048554257e-05
1.496586446592118591e-05
1.495743345003575087e-05
1.495301603426923975e-05
1.494901789556024596e-05
1.494515709055121988e-05
1.494064872531453148e-05
1.493634317739633843e-05
1.493236322858138010e-05
1.492875253461534157e-05
1.492570117989089340e-05
1.492179944762028754e-05
1.491747752879746258e-05
1.490218983235536143e-05
1.479752336308592930e-05
1.480499395256629214e-05
1.477759724366478622e-05
1.477291607443476096e-05
1.476967918279115111e-05
1.476585384807549417e-05
1.476237957831472158e-05
1.475928820582339540e-05
1.475627777836052701e-05
1.475357476010685787e-05
1.475046428822679445e-05
1.474698728998191655e-05
1.474341661378275603e-05
1.474032887927023694e-05
1.473463544243713841e-05
1.471594987378921360e-05
1.470510323997586966e-05
1.470095412514638156e-05
1.469804283260600641e-05
1.469523613195633516e-05
1.469271683163242415e-05
1.469061953685013577e-05
1.468845039198640734e-05
1.468685059080598876e-05
1.468629852752201259e-05
1.468348000344121829e-05
1.468137179472250864e-05
1.467943184252362698e-05
1.467764013796113431e-05
1.467618039896478876e-05
1.467368019802961498e-05
1.467103993491036817e-05
1.466754838475026190e-05
1.466403409722261131e-05
1.467104357288917527e-05
1.465126479160971940e-05
1.464480283175362274e-05
1.464700744691072032e-05
1.462987620470812544e-05
1.462520140194101259e-05
1.461251395085128024e-05
1.458334736526012421e-05
1.453158256481401622e-05
1.451515527151059359e-05
1.450587569706840441e-05
1.449357387173222378e-05
1.447558042855234817e-05
1.446596070309169590e-05
1.446535770810442045e-05
1.445794805476907641e-05
1.445173165848245844e-05
1.444846202502958477e-05
1.444403096684254706e-05
1.443780911358771846e-05
1.442817392671713606e-05
1.442158463760279119e-05
1.440883897885214537e-05
1.440585128875682130e-05
1.440390951756853610e-05
1.440406504116253927e-05
1.440102005290100351e-05
1.439878906239755452e-05
1.439753032173030078e-05
1.439599509467370808e-05
1.439432435290655121e-05
1.439517563994741067e-05
1.439331117580877617e-05
1.438883100490784273e-05
1.438754861737834290e-05
1.436115508113289252e-05
1.430581687600351870e-05
1.427139886800432578e-05
1.426301150786457583e-05
1.424709807906765491e-05
1.422394143446581438e-05
1.419884210918098688e-05
1.417119437974179164e-05
1.413406062056310475e-05
1.410696677339728922e-05
1.410073491570074111e-05
1.409318429068662226e-05
1.408723437634762377e-05
1.408058960805647075e-05
1.407124091201694682e-05
1.405417788191698492e-05
1.401964345859596506e-05
1.394127320963889360e-05
1.390533452649833634e-05
1.384952884109225124e-05
1.381573565595317632e-05
1.379757759423227981e-05
1.376807813358027488e-05
1.368938956147758290e-05
1.365221578453201801e-05
1.363694809697335586e-05
1.359573798254132271e-05
1.355247059109387919e-05
1.354469986836193129e-05
1.353979951090877876e-05
1.353583320451434702e-05
1.353309926344081759e-05
1.353007064608391374e-05
1.352781964669702575e-05
1.353499010292580351e-05
1.352400158793898299e-05
1.352149229205679148e-05
1.351876653643557802e-05
1.351668743154732510e-05
1.351398077531484887e-05
1.351024820905877277e-05
1.350369893771130592e-05
1.348878595308633521e-05
1.347198849543929100e-05
1.347003853879868984e-05
1.346756562270456925e-05
1.347029956377809867e-05
1.346355293208034709e-05
1.346264343737857416e-05
1.346047793049365282e-05
1.345851887890603393e-05
1.345627970295026898e-05
1.345623240922577679e-05
1.345207419944927096e-05
1.344955944659886882e-05
1.344769952993374318e-05
1.344378688372671604e-05
1.344066276942612603e-05
1.343840449408162385e-05
1.343381427432177588e-05
1.343039184575900435e-05
1.342413270322140306e-05
1.341743700322695076e-05
1.340828202955890447e-05
1.338528909400338307e-05
1.337656522082397714e-05
1.335827982984483242e-05
1.334594890067819506e-05
1.334048465650994331e-05
1.331665225734468549e-05
1.326051005889894441e-05
5.627127393381670117e-05
1.649375190027058125e-05
1.357680139335570857e-05
1.331560633843764663e-05
1.326293386227916926e-05
1.323286687693325803e-05
1.321301897405646741e-05
1.319961393164703622e-05
1.319779130426468328e-05
1.318086015089647844e-05
1.317432906944304705e-05
1.317537771683419123e-05
1.316312591370660812e-05
1.315938879997702315e-05
1.315603276452748105e-05
1.315415738645242527e-05
1.314953897235682234e-05
1.314329074375564232e-05
1.312996300839586183e-05
1.310459356318460777e-05
1.310066272708354518e-05
1.309758499701274559e-05
1.309509752900339663e-05
1.309620347456075251e-05
1.308839000557782128e-05
1.308036826230818406e-05
1.299970608670264482e-05
1.296694244956597686e-05
1.296220307267503813e-05
1.295879519602749497e-05
1.295521451538661495e-05
1.295153015234973282e-05
1.294813318963861093e-05
1.294376397709129378e-05
1.293981495109619573e-05
1.290840555157046765e-05
1.280077140108915046e-05
1.274991154787130654e-05
1.265431001229444519e-05
1.264325146621558815e-05
1.263516514882212505e-05
1.262540718016680330e-05
1.261182205780642107e-05
1.260090903087984771e-05
1.259610689885448664e-05
1.259380951523780823e-05
1.259164491784758866e-05
1.258993597730295733e-05
1.258842621609801427e-05
1.258679367310833186e-05
1.258562497241655365e-05
1.258457086805719882e-05
1.258344400412170216e-05
1.258270367543445900e-05
1.258092834177659824e-05
1.257976691704243422e-05
1.257857638847781345e-05
1.257749863725621253e-05
1.257649637409485877e-05
1.257582607649965212e-05
1.257481380889657885e-05
1.257368876395048574e-05
1.257292751688510180e-05
1.257184885616879910e-05
1.257098392670741305e-05
1.257073290616972372e-05
1.256923496839590371e-05
1.256809537153458223e-05
1.256701852980768308e-05
1.256548239325638860e-05
1.256236828339751810e-05
1.255624738405458629e-05
1.254000653716502711e-05
1.252611036761663854e-05
1.252366109838476405e-05
1.252200490853283554e-05
1.252078163815895095e-05
1.251966932613868266e-05
1.251821504411054775e-05
1.251639514521230012e-05
1.251298908755416051e-05
1.246734518645098433e-05
1.240297297044890001e-05
1.239135326613904908e-05
1.238736331288237125e-05
1.238299773831386119e-05
1.237772175954887643e-05
1.236927982972702011e-05
1.235514628206146881e-05
1.234384217241313308e-05
1.233627062902087346e-05
1.232968497788533568e-05
1.231759051734115928e-05
1.230432826559990644e-05
1.229036752192769200e-05
1.227338543685618788e-05
1.225523828907171264e-05
1.223530398419825360e-05
1.217681256093783304e-05
1.216083182953298092e-05
1.218952183990040794e-05
1.212283859786111861e-05
